[[5098170.37108332 4953284.48457509 4903739.68238757 ... 4934654.06875794
  5061082.32455728 5036016.98005076]
 [5158268.67660278 5043069.47260324 4882108.36768336 ... 4904436.18743719
  5112955.40550529 5028865.91113793]
 [4954402.71142795 4896262.97178856 4850224.86473469 ... 4793932.49794745
  4922541.24778177 4910525.84215408]
 ...
 [5143750.52365265 5033596.96005016 4928658.37943783 ... 4945418.35328161
  5044873.08523945 5018393.33434907]
 [5030763.25340352 4925310.21202149 4858716.20330248 ... 4868733.05263904
  5012947.81872547 4958503.66198741]
 [5055364.54870751 4949456.82672501 4976828.91368821 ... 4905079.29419723
  5043694.55098913 5032929.82554532]]